101 -88.647714 30.548417 
102 -88.646911 30.551321 
103 -88.645835 30.551552 
104 -88.645073 30.551216 
105 -88.644436 30.551281 
106 -88.643918 30.549694 
107 -88.642142 30.550452 
108 -88.642366 30.550418 
109 -88.642388 30.550101 
110 -88.642351 30.550047 
111 -88.642352 30.549944 
112 -88.642211 30.550033 
113 -88.641948 30.550071 
114 -88.642243 30.549678 
115 -88.642872 30.549591 
116 -88.641689 30.550899 
117 -88.641141 30.550149 
118 -88.642543 30.548133 
119 -88.642183 30.547318 
120 -88.642098 30.547507 
121 -88.641696 30.547717 
122 -88.64158 30.547516 
123 -88.642283 30.547704 
124 -88.641712 30.548141 
125 -88.64172 30.548196 
126 -88.641786 30.548254 
127 -88.641836 30.548239 
128 -88.641458 30.548494 
129 -88.641525 30.54855 
130 -88.640938 30.548731 
131 -88.640826 30.547263 
132 -88.640914 30.547211 
133 -88.639583 30.548468 
134 -88.639024 30.547082 
135 -88.639022 30.546968 
136 -88.637183 30.549783 
137 -88.637633 30.550806 
138 -88.637038 30.550821 
139 -88.639059 30.550488 
140 -88.639218 30.551362 
141 -88.639747 30.551285 
142 -88.640435 30.551483 
143 -88.642015 30.552319 
144 -88.643253 30.552165 
145 -88.634455 30.551816 
146 -88.643786 30.552141 
147 -88.644156 30.552279 
148 -88.643733 30.552353 
149 -88.638406 30.553731 
150 -88.638444 30.553815 
151 -88.638508 30.55391 
152 -88.638428 30.554014 
153 -88.63867 30.554043 
154 -88.63876 30.553967 
155 -88.639063 30.553901 
156 -88.639027 30.553817 
157 -88.639288 30.554006 
158 -88.638807 30.5536 
159 -88.638846 30.553695 
160 -88.648635 30.553724 
161 -88.638735 30.553865 
162 -88.638543 30.553612 
163 -88.638749 30.553247 
164 -88.639119 30.553171 
165 -88.639311 30.553047 
166 -88.63484 30.551729 
167 -88.63553 30.552421 
168 -88.635467 30.552481 
169 -88.635256 30.552775 
170 -88.635176 30.552717 
171 -88.634988 30.55279 
172 -88.634837 30.552921 
173 -88.634462 30.552881 
174 -88.63507 30.553316 
175 -88.634903 30.553264 
176 -88.635405 30.553047 
177 -88.635507 30.552907 
178 -88.635657 30.552943 
179 -88.635517 30.553299 
180 -88.635444 30.553516 
181 -88.635499 30.553729 
182 -88.635743 30.553763 
183 -88.635553 30.554061 
184 -88.636063 30.554197 
185 -88.636274 30.555205 
186 -88.63584 30.555556 
187 -88.634821 30.555449 
188 -88.635678 30.554902 
189 -88.634904 30.553939 
190 -88.634545 30.553844 
191 -88.633849 30.553493 
192 -88.63354 30.553764 
193 -88.633793 30.554371 
194 -88.634067 30.555822 
195 -88.634309 30.555824 
196 -88.634135 30.555921 
197 -88.632999 30.556606 
198 -88.632945 30.556752 
199 -88.632893 30.556875 
200 -88.633067 30.556956 
201 -88.633192 30.556888 
202 -88.63237 30.557558 
203 -88.632381 30.557046 
204 -88.632133 30.557354 
205 -88.631508 30.558749 
206 -88.633995 30.557986 
207 -88.635251 30.556652 
208 -88.63501 30.556571 
209 -88.635687 30.558467 
210 -88.635308 30.561068 
211 -88.635704 30.560662 
212 -88.636171 30.561788 
213 -88.635705 30.56213 
214 -88.634854 30.552293 
215 -88.642144 30.550162 
216 -88.639017 30.547053 
217 -88.637084 30.54972 
218 -88.63944 30.550565 
219 -88.64377 30.552048 
220 -88.638852 30.553246 
221 -88.638732 30.553812 
222 -88.638744 30.554041 
223 -88.635125 30.551882 
224 -88.634736 30.552587 
225 -88.634801 30.552632 
226 -88.633934 30.553983 
227 -88.633491 30.446608 
228 -88.636847 30.56279 
229 -88.635346 30.562041 
230 -88.634432 30.555245 
934 -88.63344 30.55636 
933 -88.633573 30.55396 
932 -88.64176 30.54866 
931 -88.64028 30.55322 
